20170407 000000 32100 41700 32100 41700 
20170410 000000 49150 52000 48100 49900 
20170411 000000 48500 49550 47000 48950 
20170412 000000 49700 50600 48300 48600 
20170413 000000 49000 50300 48300 50300 
20170414 000000 51200 54400 50700 51900 
20170417 000000 52400 54000 51200 53900 
20170418 000000 54600 55200 53600 53900 
20170419 000000 54200 54700 53100 54100 
20170420 000000 54100 55100 52200 52500 
20170421 000000 52800 52900 50500 51000 
20170424 000000 51300 52000 49700 51000 
20170425 000000 51300 52800 50200 52700 
20170426 000000 52900 53000 51400 51900 
20170427 000000 52000 52300 51000 51600 
20170428 000000 52400 53000 52100 52100 
20170502 000000 52100 52600 51700 52000 
20170504 000000 52100 52400 51600 51800 
20170508 000000 51900 52200 51200 51900 
20170510 000000 53400 53700 51900 51900 
20170511 000000 54400 57000 53700 56600 
