56600 
56500 
56600 
56800 
56800 
56800 
56800 
56900 
57000 
56900 
56900 
56900 
57000 
56900 
56700 
56600 
56600 
56700 
56600 
56500 
56400 
56400 
56300 
56500 
56400 
56400 
56000 
56200 
56200 
56100 
56100 
56100 
56100 
56200 
56300 
56200 
56300 
56300 
56300 
56300 
56200 
56300 
56300 
56300 
56500 
56400 
56500 
56500 
56600 
56400 
56300 
56400 
56400 
56300 
56400 
56500 
56500 
56600 
56500 
56700 
56700 
56600 
56700 
56700 
56700 
56800 
56800 
56900 
56700 
56700 
56700 
56700 
56800 
56800 
56700 
56800 
56700 
56600 
56500 
56600 
56400 
56500 
56400 
56400 
56500 
56600 
56500 
56500 
56500 
56500 
56500 
56600 
56600 
56700 
56600 
56700 
56600 
56600 
56600 
56600 
56600 
56500 
56500 
56500 
56400 
56200 
55700 
56000 
56000 
56200 
56100 
56000 
56000 
55800 
55900 
56100 
56200 
56000 
56100 
56100 
56200 
56100 
56200 
56300 
56200 
56200 
56300 
56200 
55900 
56000 
56000 
56100 
56000 
55900 
55900 
55700 
55800 
55800 
55900 
55800 
55900 
56000 
55900 
56000 
55900 
55800 
55900 
55900 
55800 
55900 
55900 
55900 
55900 
55700 
55700 
55700 
55700 
55600 
55500 
55500 
55600 
55600 
55500 
55600 
55600 
55600 
55500 
55600 
55600 
55700 
55600 
55600 
55600 
55700 
55700 
55700 
55700 
55800 
55800 
55900 
55900 
55900 
55800 
55800 
55900 
55900 
55800 
55800 
55800 
55800 
55800 
55800 
55700 
55800 
55700 
55700 
55700 
55800 
55900 
56000 
56000 
56000 
56000 
56000 
56000 
56000 
56000 
56000 
56000 
56600 
56900 
56600 
56500 
56800 
56700 
56200 
56100 
56200 
56500 
56600 
56600 
56600 
56400 
56300 
56300 
56200 
56200 
56200 
56200 
56200 
56300 
56300 
56300 
56500 
56700 
56900 
57100 
57400 
57700 
57900 
58000 
58000 
57800 
57800 
57400 
57800 
57600 
57700 
57900 
58200 
58200 
58600 
58800 
58800 
58900 
58900 
58600 
58500 
58400 
58000 
58000 
58200 
58200 
58200 
58400 
58100 
58100 
58200 
58300 
58200 
58200 
58100 
57900 
57900 
57800 
57700 
57700 
57800 
57900 
57700 
57700 
57600 
57400 
57600 
57700 
57600 
57400 
57500 
57400 
57300 
57300 
57300 
57300 
57300 
57400 
57500 
57400 
57400 
57300 
57300 
57400 
57400 
57400 
57500 
57500 
57600 
57800 
58000 
57900 
58200 
58100 
58000 
57900 
57900 
57600 
57800 
57800 
57900 
57800 
57900 
57800 
57800 
57700 
57900 
57600 
57600 
57700 
57700 
57600 
57700 
57500 
57500 
57500 
57600 
57600 
57400 
57400 
57500 
57400 
57500 
57700 
57600 
57600 
57500 
57500 
57400 
57400 
57400 
57300 
57200 
57200 
57200 
57300 
57100 
57100 
57100 
57200 
57200 
57200 
57200 
57200 
57100 
57200 
57100 
57200 
57100 
57100 
57200 
57100 
57200 
57000 
57100 
57100 
57000 
56900 
56900 
56800 
56700 
56600 
56600 
56800 
56800 
56800 
56800 
56800 
56800 
56800 
56900 
56900 
56900 
56800 
56800 
56800 
56900 
57000 
56900 
57200 
57200 
57200 
57200 
57100 
57200 
57300 
57200 
57200 
57200 
57200 
57100 
57200 
57100 
57200 
57300 
57400 
57300 
57400 
57400 
57300 
57400 
57500 
57400 
57400 
57500 
57500 
57400 
57400 
57400 
57400 
57300 
57300 
57400 
57300 
57200 
57200 
57100 
57200 
57200 
57200 
57100 
57000 
57100 
57100 
57000 
57100 
57200 
57100 
57200 
57100 
57100 
57100 
57000 
57100 
57000 
57000 
57000 
57000 
57000 
57200 
57100 
57100 
57100 
57000 
57100 
57000 
57000 
57000 
57000 
57100 
57100 
57200 
57100 
57100 
57100 
57000 
57000 
57000 
57100 
57000 
57200 
57100 
57100 
57100 
57100 
57000 
57000 
57000 
57100 
57000 
57000 
56900 
56800 
56900 
56900 
56900 
57000 
57000 
57000 
57100 
57000 
57100 
57100 
57100 
57200 
57100 
57000 
57000 
57100 
57100 
57100 
57000 
57100 
57200 
57100 
57300 
57200 
57200 
57200 
57200 
57000 
57000 
57000 
57100 
57100 
57200 
57100 
57100 
57100 
57100 
57200 
57100 
57200 
57100 
57200 
57200 
57200 
57200 
57100 
57300 
57300 
57300 
57200 
57200 
57200 
57300 
57300 
57100 
57100 
57200 
57200 
57300 
57200 
57200 
57200 
57100 
57200 
56900 
57000 
57100 
57200 
57100 
57100 
57200 
57200 
57100 
57200 
57200 
57100 
57100 
57100 
57100 
57100 
57100 
57000 
57000 
57100 
57100 
57000 
57200 
57200 
57100 
57100 
57100 
57000 
56900 
56800 
56900 
56800 
56800 
56900 
57000 
57000 
57000 
57000 
57000 
57000 
57000 
57000 
57000 
57000 
57000 
57000 
