20170407 0905 32100 41700 32100 41700 
20170407 0910 41700 41700 41700 41700 
20170407 0915 41700 41700 41700 41700 
20170407 0920 41700 41700 41700 41700 
20170407 0925 41700 41700 41700 41700 
20170407 0930 41700 41700 41700 41700 
20170407 0935 41700 41700 41700 41700 
20170407 0940 41700 41700 41700 41700 
20170407 0945 41700 41700 41700 41700 
20170407 0950 41700 41700 41700 41700 
20170407 0955 41700 41700 41700 41700 
20170407 1000 41700 41700 41700 41700 
20170407 1005 41700 41700 41700 41700 
20170407 1010 41700 41700 41700 41700 
20170407 1015 41700 41700 41700 41700 
20170407 1020 41700 41700 41700 41700 
20170407 1025 41700 41700 41700 41700 
20170407 1030 41700 41700 41700 41700 
20170407 1035 41700 41700 41700 41700 
20170407 1040 41700 41700 41700 41700 
20170407 1045 41700 41700 41700 41700 
20170407 1050 41700 41700 41700 41700 
20170407 1055 41700 41700 41700 41700 
20170407 1100 41700 41700 41700 41700 
20170407 1105 41700 41700 41700 41700 
20170407 1110 41700 41700 41700 41700 
20170407 1115 41700 41700 41700 41700 
20170407 1120 41700 41700 41700 41700 
20170407 1125 41700 41700 41700 41700 
20170407 1130 41700 41700 41700 41700 
20170407 1135 41700 41700 41700 41700 
20170407 1140 41700 41700 41700 41700 
20170407 1145 41700 41700 41700 41700 
20170407 1150 41700 41700 41700 41700 
20170407 1155 41700 41700 41700 41700 
20170407 1200 41700 41700 41700 41700 
20170407 1205 41700 41700 41700 41700 
20170407 1210 41700 41700 41700 41700 
20170407 1215 41700 41700 41700 41700 
20170407 1220 41700 41700 41700 41700 
20170407 1225 41700 41700 41700 41700 
20170407 1230 41700 41700 41700 41700 
20170407 1235 41700 41700 41700 41700 
20170407 1240 41700 41700 41700 41700 
20170407 1245 41700 41700 41700 41700 
20170407 1250 41700 41700 41700 41700 
20170407 1255 41700 41700 41700 41700 
20170407 1300 41700 41700 41700 41700 
20170407 1305 41700 41700 41700 41700 
20170407 1310 41700 41700 41700 41700 
20170407 1315 41700 41700 41700 41700 
20170407 1320 41700 41700 41700 41700 
20170407 1325 41700 41700 41700 41700 
20170407 1330 41700 41700 41700 41700 
20170407 1335 41700 41700 41700 41700 
20170407 1340 41700 41700 41700 41700 
20170407 1345 41700 41700 41700 41700 
20170407 1350 41700 41700 41700 41700 
20170407 1355 41700 41700 41700 41700 
20170407 1400 41700 41700 41700 41700 
20170407 1405 41700 41700 41700 41700 
20170407 1410 41700 41700 41700 41700 
20170407 1415 41700 41700 41700 41700 
20170407 1420 41700 41700 41700 41700 
20170407 1425 41700 41700 41700 41700 
20170407 1430 41700 41700 41700 41700 
20170407 1435 41700 41700 41700 41700 
20170407 1440 41700 41700 41700 41700 
20170407 1445 41700 41700 41700 41700 
20170407 1450 41700 41700 41700 41700 
20170407 1455 41700 41700 41700 41700 
20170407 1500 41700 41700 41700 41700 
20170407 1505 41700 41700 41700 41700 
20170407 1510 41700 41700 41700 41700 
20170407 1515 41700 41700 41700 41700 
20170407 1520 41700 41700 41700 41700 
20170407 1525 41700 41700 41700 41700 
20170407 1530 41700 41700 41700 41700 
20170410 0905 49150 49950 48100 48250 
20170410 0910 48250 49850 48100 49400 
20170410 0915 49400 50000 49300 50000 
20170410 0920 50000 52000 49950 50500 
20170410 0925 50500 50900 49800 50000 
20170410 0930 50000 50100 48550 48850 
20170410 0935 48850 49900 48850 49900 
20170410 0940 49900 50100 49750 49750 
20170410 0945 49750 49850 49200 49750 
20170410 0950 49750 49950 49650 49900 
20170410 0955 49850 49950 49350 49600 
20170410 1000 49600 49850 49450 49800 
20170410 1005 49800 49850 49700 49800 
20170410 1010 49800 51000 49700 50700 
20170410 1015 50600 51200 49850 50100 
20170410 1020 50200 50200 49750 50100 
20170410 1025 50100 50600 50000 50500 
20170410 1030 50500 50600 49950 50200 
20170410 1035 50200 50400 49750 49800 
20170410 1040 49800 50000 49750 49800 
20170410 1045 49800 50000 49750 49950 
20170410 1050 49950 49950 49700 49700 
20170410 1055 49700 49750 49550 49650 
20170410 1100 49650 49700 49450 49500 
20170410 1105 49550 49600 49400 49400 
20170410 1110 49450 49700 49400 49700 
20170410 1115 49700 49750 49450 49450 
20170410 1120 49500 49600 49450 49600 
20170410 1125 49600 49650 49500 49600 
20170410 1130 49600 49750 49550 49750 
20170410 1135 49700 49750 49550 49700 
20170410 1140 49700 49750 49650 49700 
20170410 1145 49700 49800 49650 49750 
20170410 1150 49750 49900 49700 49800 
20170410 1155 49850 50300 49800 49900 
20170410 1200 49900 49950 49700 49850 
20170410 1205 49800 49850 49700 49850 
20170410 1210 49800 49850 49700 49750 
20170410 1215 49750 49750 49650 49750 
20170410 1220 49750 49800 49700 49700 
20170410 1225 49750 49800 49700 49700 
20170410 1230 49750 49750 49400 49450 
20170410 1235 49450 49600 49400 49550 
20170410 1240 49600 49600 49500 49550 
20170410 1245 49550 49700 49500 49700 
20170410 1250 49700 49750 49650 49650 
20170410 1255 49700 49750 49650 49750 
20170410 1300 49750 49950 49700 49950 
20170410 1305 49900 49950 49800 49850 
20170410 1310 49850 49900 49700 49800 
20170410 1315 49750 49750 49150 49150 
20170410 1320 49300 49550 49100 49500 
20170410 1325 49500 49600 49400 49450 
20170410 1330 49400 49650 49350 49650 
20170410 1335 49650 49700 49550 49550 
20170410 1340 49550 49600 49500 49550 
20170410 1345 49550 49650 49500 49500 
20170410 1350 49550 49650 49500 49550 
20170410 1355 49550 49550 49350 49400 
20170410 1400 49400 49500 49350 49450 
20170410 1405 49450 49750 49400 49650 
20170410 1410 49650 50000 49650 49950 
20170410 1415 50000 50500 50000 50100 
20170410 1420 50100 50100 49650 49950 
20170410 1425 49950 50000 49750 49900 
20170410 1430 49950 50500 49850 50300 
20170410 1435 50400 50900 50000 50900 
20170410 1440 50900 51300 50700 51100 
20170410 1445 51200 51200 50300 50600 
20170410 1450 50700 50700 49900 49900 
20170410 1455 49900 50100 49400 49750 
20170410 1500 49750 50200 49750 49900 
20170410 1505 49900 49950 49800 49900 
20170410 1510 49900 49900 49450 49900 
20170410 1515 49850 49950 49500 49550 
20170410 1520 49550 50000 49450 49950 
20170410 1525 49950 49950 49950 49950 
20170410 1530 49950 49950 49900 49900 
20170411 0905 48500 48800 47000 48550 
20170411 0910 48550 48700 47300 48350 
20170411 0915 48350 49350 48300 48700 
20170411 0920 48700 49300 48550 49300 
20170411 0925 49300 49300 48400 48400 
20170411 0930 48450 49000 48350 48950 
20170411 0935 48950 49000 48650 48700 
20170411 0940 48700 48700 48200 48250 
20170411 0945 48250 48750 48050 48750 
20170411 0950 48700 48700 48050 48050 
20170411 0955 48050 48250 47750 48200 
20170411 1000 48200 48400 48050 48100 
20170411 1005 48100 48150 47800 47950 
20170411 1010 48050 48100 47850 47900 
20170411 1015 47900 47900 47800 47850 
20170411 1020 47850 48000 47850 48000 
20170411 1025 48000 48450 48000 48450 
20170411 1030 48450 48450 48050 48100 
20170411 1035 48100 48200 48000 48050 
20170411 1040 48050 48400 48000 48400 
20170411 1045 48350 48350 48050 48050 
20170411 1050 48100 48250 48050 48200 
20170411 1055 48150 48200 48050 48050 
20170411 1100 48100 48100 47850 47900 
20170411 1105 47850 47950 47800 47850 
20170411 1110 47850 47850 47150 47200 
20170411 1115 47200 47450 47000 47000 
20170411 1120 47000 47500 47000 47350 
20170411 1125 47400 47550 47300 47500 
20170411 1130 47550 47550 47300 47300 
20170411 1135 47300 47500 47250 47500 
20170411 1140 47500 47750 47450 47600 
20170411 1145 47700 47700 47150 47150 
20170411 1150 47200 47300 47050 47250 
20170411 1155 47250 47450 47150 47400 
20170411 1200 47500 47550 47350 47400 
20170411 1205 47400 47400 47150 47300 
20170411 1210 47300 47700 47300 47700 
20170411 1215 47700 47700 47600 47650 
20170411 1220 47650 47750 47650 47700 
20170411 1225 47700 47900 47700 47850 
20170411 1230 47850 48050 47800 48000 
20170411 1235 48000 48000 47950 48000 
20170411 1240 48000 48100 47950 47950 
20170411 1245 47950 48000 47900 48000 
20170411 1250 47950 48100 47950 47950 
20170411 1255 48000 48000 47850 47850 
20170411 1300 47900 47900 47550 47650 
20170411 1305 47600 47700 47550 47700 
20170411 1310 47700 47700 47600 47700 
20170411 1315 47700 48200 47650 48200 
20170411 1320 48150 48200 48050 48100 
20170411 1325 48050 48100 47700 47800 
20170411 1330 47750 47900 47550 47900 
20170411 1335 47900 48150 47850 48100 
20170411 1340 48100 48100 47850 47900 
20170411 1345 47950 47950 47750 47850 
20170411 1350 47850 47850 47750 47750 
20170411 1355 47850 47850 47650 47700 
20170411 1400 47700 47850 47650 47800 
20170411 1405 47850 48000 47800 48000 
20170411 1410 48000 48200 47950 48150 
20170411 1415 48150 48500 48100 48450 
20170411 1420 48500 48900 48500 48900 
20170411 1425 48900 49250 48700 49250 
20170411 1430 49250 49550 48900 49350 
20170411 1435 49350 49350 48950 49000 
20170411 1440 49000 49000 48650 48900 
20170411 1445 48900 49150 48850 49100 
20170411 1450 49100 49100 48900 48900 
20170411 1455 48900 49050 48800 49000 
20170411 1500 49050 49500 49000 49400 
20170411 1505 49400 49400 49100 49200 
20170411 1510 49250 49300 49150 49200 
20170411 1515 49150 49250 48950 49200 
20170411 1520 49150 49200 48900 49100 
20170411 1525 49100 49100 49100 49100 
20170411 1530 49100 49100 48950 48950 
20170412 0905 49700 49900 49100 49150 
20170412 0910 49150 49450 48900 49250 
20170412 0915 49150 49200 48400 48750 
20170412 0920 48750 48800 48300 48550 
20170412 0925 48550 48600 48400 48500 
20170412 0930 48500 48900 48450 48900 
20170412 0935 48900 48950 48700 48800 
20170412 0940 48800 48950 48750 48900 
20170412 0945 48950 49050 48900 48950 
20170412 0950 49000 49050 48750 48800 
20170412 0955 48750 48800 48600 48800 
20170412 1000 48850 49000 48750 49000 
20170412 1005 48950 49000 48900 48950 
20170412 1010 48950 49300 48900 49150 
20170412 1015 49150 49150 48950 49100 
20170412 1020 49050 49100 48950 49000 
20170412 1025 49000 49050 48900 49050 
20170412 1030 49050 49350 49000 49350 
20170412 1035 49300 49350 49150 49200 
20170412 1040 49150 49200 48950 49000 
20170412 1045 49050 49100 48950 49100 
20170412 1050 49100 49150 49000 49100 
20170412 1055 49100 49100 48900 48950 
20170412 1100 48950 49050 48950 49000 
20170412 1105 49050 49050 48950 49000 
20170412 1110 48950 49000 48950 48950 
20170412 1115 48950 49050 48950 49050 
20170412 1120 49050 49200 49000 49200 
20170412 1125 49150 49300 49050 49200 
20170412 1130 49250 49300 49150 49300 
20170412 1135 49300 49400 49200 49250 
20170412 1140 49250 49250 49050 49050 
20170412 1145 49050 49150 48950 49100 
20170412 1150 49100 49150 49000 49100 
20170412 1155 49150 49200 49100 49200 
20170412 1200 49200 49200 49100 49200 
20170412 1205 49200 49200 49100 49150 
20170412 1210 49150 49200 49150 49150 
20170412 1215 49200 49200 49050 49200 
20170412 1220 49150 49400 49150 49350 
20170412 1225 49350 49650 49300 49650 
20170412 1230 49650 49650 49250 49300 
20170412 1235 49300 49400 49250 49300 
20170412 1240 49250 49300 49050 49150 
20170412 1245 49100 49150 48950 48950 
20170412 1250 49000 49100 48950 49000 
20170412 1255 49000 49200 49000 49200 
20170412 1300 49200 49200 49100 49200 
20170412 1305 49150 49250 49150 49250 
20170412 1310 49250 49250 49050 49050 
20170412 1315 49100 49100 49050 49050 
20170412 1320 49050 49150 49050 49100 
20170412 1325 49150 49200 49150 49200 
20170412 1330 49200 49200 49150 49150 
20170412 1335 49100 49900 49100 49850 
20170412 1340 49850 49900 49500 49700 
20170412 1345 49650 49650 49500 49600 
20170412 1350 49550 49600 49400 49450 
20170412 1355 49500 49550 49400 49500 
20170412 1400 49450 49550 49300 49550 
20170412 1405 49500 49600 49500 49600 
20170412 1410 49650 49750 49600 49750 
20170412 1415 49700 49750 49700 49700 
20170412 1420 49750 49750 49650 49650 
20170412 1425 49700 49700 49600 49650 
20170412 1430 49600 49900 49600 49900 
20170412 1435 49900 50500 49900 50300 
20170412 1440 50200 50600 49950 50100 
20170412 1445 50000 50100 49800 50000 
20170412 1450 50000 50000 49250 49500 
20170412 1455 49500 49600 48900 48900 
20170412 1500 48900 49200 48850 48950 
20170412 1505 49000 49100 48900 48950 
20170412 1510 48950 49150 48950 49150 
20170412 1515 49100 49200 49050 49150 
20170412 1520 49200 49200 48950 49000 
20170412 1525 49000 49000 49000 49000 
20170412 1530 49000 49000 48600 48600 
20170413 0905 49000 49550 49000 49150 
20170413 0910 49300 49450 49050 49100 
20170413 0915 49100 49250 49050 49150 
20170413 0920 49150 49250 49100 49150 
20170413 0925 49150 49150 48800 48850 
20170413 0930 48850 49000 48600 48700 
20170413 0935 48750 48750 48300 48350 
20170413 0940 48400 48600 48350 48450 
20170413 0945 48450 48500 48400 48500 
20170413 0950 48500 49000 48500 48750 
20170413 0955 48750 48750 48400 48500 
20170413 1000 48500 48550 48350 48500 
20170413 1005 48500 48600 48400 48600 
20170413 1010 48600 48600 48500 48600 
20170413 1015 48550 48700 48550 48550 
20170413 1020 48550 48600 48500 48500 
20170413 1025 48550 48650 48500 48600 
20170413 1030 48600 48600 48500 48550 
20170413 1035 48550 48800 48500 48600 
20170413 1040 48600 48600 48550 48550 
20170413 1045 48550 48600 48500 48550 
20170413 1050 48600 48600 48550 48550 
20170413 1055 48600 48650 48550 48600 
20170413 1100 48600 48600 48500 48550 
20170413 1105 48550 48600 48500 48550 
20170413 1110 48600 48600 48450 48500 
20170413 1115 48450 48800 48450 48600 
20170413 1120 48550 48600 48450 48450 
20170413 1125 48500 48550 48450 48500 
20170413 1130 48550 48600 48500 48600 
20170413 1135 48550 48750 48550 48700 
20170413 1140 48750 48750 48700 48700 
20170413 1145 48700 48800 48700 48750 
20170413 1150 48700 48900 48700 48900 
20170413 1155 48900 49000 48850 48850 
20170413 1200 48850 48850 48750 48800 
20170413 1205 48800 48800 48650 48650 
20170413 1210 48650 48700 48600 48650 
20170413 1215 48650 48650 48600 48600 
20170413 1220 48600 48700 48600 48650 
20170413 1225 48700 48700 48600 48650 
20170413 1230 48650 48700 48600 48650 
20170413 1235 48650 48650 48600 48600 
20170413 1240 48600 48650 48550 48550 
20170413 1245 48600 48650 48550 48600 
20170413 1250 48600 48650 48550 48600 
20170413 1255 48600 48600 48550 48550 
20170413 1300 48600 48650 48550 48650 
20170413 1305 48650 48800 48600 48750 
20170413 1310 48750 48850 48750 48850 
20170413 1315 48850 48850 48650 48700 
20170413 1320 48750 48800 48650 48700 
20170413 1325 48700 48750 48650 48700 
20170413 1330 48700 48800 48650 48800 
20170413 1335 48800 48800 48650 48650 
20170413 1340 48700 48700 48600 48700 
20170413 1345 48700 48700 48600 48650 
20170413 1350 48650 48750 48650 48750 
20170413 1355 48700 48750 48700 48750 
20170413 1400 48700 48850 48700 48850 
20170413 1405 48850 48950 48800 48950 
20170413 1410 48950 48950 48850 48850 
20170413 1415 48850 48950 48800 48900 
20170413 1420 48900 49050 48900 49050 
20170413 1425 49050 49100 48950 49100 
20170413 1430 49100 49400 49100 49350 
20170413 1435 49350 49350 49200 49350 
20170413 1440 49350 49350 49250 49250 
20170413 1445 49250 49350 49200 49350 
20170413 1450 49350 49350 49100 49300 
20170413 1455 49300 49350 49200 49350 
20170413 1500 49350 49400 49300 49400 
20170413 1505 49400 49800 49400 49750 
20170413 1510 49750 49800 49550 49600 
20170413 1515 49600 49600 49500 49600 
20170413 1520 49600 50000 49600 50000 
20170413 1525 50000 50000 50000 50000 
20170413 1530 50000 50300 50000 50300 
20170414 0905 51200 51900 50700 51800 
20170414 0910 51800 52300 51300 51700 
20170414 0915 51700 53400 51700 53400 
20170414 0920 53300 54400 52600 52800 
20170414 0925 52800 53700 52700 53200 
20170414 0930 53200 53600 52400 52600 
20170414 0935 52500 52600 51900 52500 
20170414 0940 52500 52600 52300 52500 
20170414 0945 52600 52900 52500 52900 
20170414 0950 52900 53000 52100 52100 
20170414 0955 52100 52400 51900 52300 
20170414 1000 52300 52400 51900 52000 
20170414 1005 51900 52100 51600 52000 
20170414 1010 52000 52400 51900 52300 
20170414 1015 52200 52600 52200 52600 
20170414 1020 52600 52600 52000 52300 
20170414 1025 52300 52300 51900 52100 
20170414 1030 52100 52100 51900 52000 
20170414 1035 52000 52200 51900 51900 
20170414 1040 52000 52100 51900 51900 
20170414 1045 51900 52100 51500 51800 
20170414 1050 51800 52000 51700 51900 
20170414 1055 52000 52100 51900 52000 
20170414 1100 52000 52100 51700 52100 
20170414 1105 52000 52100 51700 52000 
20170414 1110 52000 52600 52000 52600 
20170414 1115 52600 52700 52300 52500 
20170414 1120 52400 52400 52000 52200 
20170414 1125 52200 52600 52100 52600 
20170414 1130 52500 53000 52200 52500 
20170414 1135 52600 52600 52000 52200 
20170414 1140 52200 52500 52000 52500 
20170414 1145 52500 52600 52300 52500 
20170414 1150 52500 52700 52400 52600 
20170414 1155 52700 52700 52400 52600 
20170414 1200 52600 52600 52300 52300 
20170414 1205 52300 52500 52300 52400 
20170414 1210 52400 52400 52100 52200 
20170414 1215 52200 52400 52200 52300 
20170414 1220 52300 52400 52100 52400 
20170414 1225 52300 52400 52200 52400 
20170414 1230 52300 52300 52100 52200 
20170414 1235 52300 52400 52200 52300 
20170414 1240 52300 52500 52200 52500 
20170414 1245 52500 52900 52400 52900 
20170414 1250 52900 53000 52700 52900 
20170414 1255 52900 53000 52700 52700 
20170414 1300 52800 52900 52600 52700 
20170414 1305 52700 52900 52700 52900 
20170414 1310 52900 53000 52700 52900 
20170414 1315 52900 52900 52700 52800 
20170414 1320 52800 53000 52500 52700 
20170414 1325 52700 52800 52600 52700 
20170414 1330 52700 52800 52300 52300 
20170414 1335 52300 52400 51800 52100 
20170414 1340 52100 52100 51700 51700 
20170414 1345 51800 52100 51700 52100 
20170414 1350 52100 52200 52000 52100 
20170414 1355 52100 52200 51900 51900 
20170414 1400 51900 52100 51900 52000 
20170414 1405 52000 52200 51900 52200 
20170414 1410 52200 52500 52100 52500 
20170414 1415 52400 52500 52200 52400 
20170414 1420 52300 52400 52200 52400 
20170414 1425 52300 52400 52100 52200 
20170414 1430 52200 52300 52100 52100 
20170414 1435 52100 52500 52100 52500 
20170414 1440 52400 52500 52400 52400 
20170414 1445 52500 52700 52400 52700 
20170414 1450 52700 52700 52400 52500 
20170414 1455 52400 52500 52200 52300 
20170414 1500 52300 52300 52000 52100 
20170414 1505 52200 52300 52100 52200 
20170414 1510 52300 52300 52000 52000 
20170414 1515 52100 52200 51500 51500 
20170414 1520 51500 52100 51400 51900 
20170414 1525 51900 51900 51900 51900 
20170414 1530 51900 51900 51900 51900 
20170417 0905 52400 52600 51400 51400 
20170417 0910 51400 52000 51200 51900 
20170417 0915 51900 52200 51800 51900 
20170417 0920 52000 52000 51500 51600 
20170417 0925 51700 51900 51500 51900 
20170417 0930 51800 52300 51600 52200 
20170417 0935 52200 52300 51900 51900 
20170417 0940 52000 52100 51700 51800 
20170417 0945 51900 52000 51700 51900 
20170417 0950 51900 52000 51800 52000 
20170417 0955 52000 52000 51800 51800 
20170417 1000 51900 51900 51700 51800 
20170417 1005 51800 51800 51600 51800 
20170417 1010 51800 51900 51700 51800 
20170417 1015 51800 51900 51600 51800 
20170417 1020 51700 51700 51600 51700 
20170417 1025 51700 51700 51600 51700 
20170417 1030 51600 51700 51500 51600 
20170417 1035 51700 51800 51600 51800 
20170417 1040 51700 51800 51500 51600 
20170417 1045 51600 51700 51500 51600 
20170417 1050 51700 51700 51600 51600 
20170417 1055 51600 51800 51600 51800 
20170417 1100 51800 52000 51700 52000 
20170417 1105 51900 52100 51900 52000 
20170417 1110 52000 52100 51900 52000 
20170417 1115 52100 52100 52000 52000 
20170417 1120 52100 52100 52000 52100 
20170417 1125 52000 52100 51900 52000 
20170417 1130 52000 52000 51900 52000 
20170417 1135 52000 52000 51900 51900 
20170417 1140 51900 52000 51900 52000 
20170417 1145 51900 52000 51900 52000 
20170417 1150 52000 52000 51900 52000 
20170417 1155 52000 52000 51900 52000 
20170417 1200 51900 52000 51800 51900 
20170417 1205 52000 52000 51900 51900 
20170417 1210 52000 52000 51900 52000 
20170417 1215 51900 52000 51900 52000 
20170417 1220 51900 52000 51900 52000 
20170417 1225 51900 52000 51900 51900 
20170417 1230 51900 52000 51900 52000 
20170417 1235 52000 52100 51900 52100 
20170417 1240 52100 52300 52000 52300 
20170417 1245 52200 52300 52100 52200 
20170417 1250 52200 52400 52200 52400 
20170417 1255 52400 52500 52400 52500 
20170417 1300 52500 52800 52400 52800 
20170417 1305 52800 52800 52500 52700 
20170417 1310 52700 52800 52600 52800 
20170417 1315 52800 53400 52700 53200 
20170417 1320 53300 53300 52900 53100 
20170417 1325 53100 53100 53000 53000 
20170417 1330 53000 53900 53000 53800 
20170417 1335 53700 54000 53300 53700 
20170417 1340 53400 53700 53000 53300 
20170417 1345 53300 53400 52800 53100 
20170417 1350 53100 53200 52900 53000 
20170417 1355 53000 53100 53000 53100 
20170417 1400 53100 53200 52900 53000 
20170417 1405 53000 53000 52800 52900 
20170417 1410 52900 53000 52800 53000 
20170417 1415 53000 53300 52900 53300 
20170417 1420 53300 53300 53000 53100 
20170417 1425 53100 53500 53000 53400 
20170417 1430 53300 53400 53000 53300 
20170417 1435 53300 53500 53300 53400 
20170417 1440 53300 53400 53200 53300 
20170417 1445 53400 53400 53100 53100 
20170417 1450 53200 53300 53000 53300 
20170417 1455 53200 53300 53100 53200 
20170417 1500 53200 53200 53000 53200 
20170417 1505 53200 53300 53100 53300 
20170417 1510 53300 53600 53200 53500 
20170417 1515 53500 53500 53200 53300 
20170417 1520 53300 53900 53200 53900 
20170417 1525 53900 53900 53900 53900 
20170417 1530 53900 53900 53900 53900 
20170418 0905 54600 54700 54000 54100 
20170418 0910 54100 54200 53600 54200 
20170418 0915 54200 54200 53900 53900 
20170418 0920 53900 54100 53800 54000 
20170418 0925 54000 54400 53900 54300 
20170418 0930 54300 55000 54300 54600 
20170418 0935 54600 55200 54500 55000 
20170418 0940 54900 55200 54800 54900 
20170418 0945 54900 55000 54300 54700 
20170418 0950 54700 54900 54700 54800 
20170418 0955 54800 54900 54700 54800 
20170418 1000 54800 54800 54000 54100 
20170418 1005 54200 54200 53700 54000 
20170418 1010 53900 54500 53900 54500 
20170418 1015 54400 54500 54100 54200 
20170418 1020 54200 54500 54100 54500 
20170418 1025 54500 54600 54300 54400 
20170418 1030 54400 54500 54300 54400 
20170418 1035 54400 54500 54300 54300 
20170418 1040 54300 54400 54000 54100 
20170418 1045 54100 54200 53900 54200 
20170418 1050 54200 54200 53900 54000 
20170418 1055 54100 54100 53900 54000 
20170418 1100 54000 54100 53900 53900 
20170418 1105 53900 54100 53900 54000 
20170418 1110 54000 54100 53800 53800 
20170418 1115 53800 54000 53800 53900 
20170418 1120 53900 54100 53900 54000 
20170418 1125 54100 54100 53900 54000 
20170418 1130 54000 54000 53900 53900 
20170418 1135 53900 54000 53900 53900 
20170418 1140 53900 54000 53800 53900 
20170418 1145 53900 53900 53700 53800 
20170418 1150 53800 54000 53800 53900 
20170418 1155 53900 54000 53800 53800 
20170418 1200 53800 54000 53800 53800 
20170418 1205 53800 53900 53800 53900 
20170418 1210 53900 54000 53800 53900 
20170418 1215 53900 54000 53900 53900 
20170418 1220 54000 54000 53900 53900 
20170418 1225 53900 54200 53900 54200 
20170418 1230 54100 54400 54100 54400 
20170418 1235 54400 54400 54300 54400 
20170418 1240 54400 54400 54300 54300 
20170418 1245 54200 54300 53900 54200 
20170418 1250 54200 54300 54100 54300 
20170418 1255 54300 54300 54100 54300 
20170418 1300 54200 54300 54200 54300 
20170418 1305 54300 54400 54200 54300 
20170418 1310 54300 54400 54300 54400 
20170418 1315 54300 54400 54200 54400 
20170418 1320 54400 54400 54200 54200 
20170418 1325 54300 54400 54200 54200 
20170418 1330 54200 54300 54100 54200 
20170418 1335 54200 54500 54200 54400 
20170418 1340 54400 54500 54400 54500 
20170418 1345 54500 54500 54200 54200 
20170418 1350 54300 54300 54200 54200 
20170418 1355 54200 54300 54100 54100 
20170418 1400 54100 54300 54100 54300 
20170418 1405 54300 54400 54200 54400 
20170418 1410 54400 54400 54200 54200 
20170418 1415 54300 54300 54100 54300 
20170418 1420 54300 54300 54200 54200 
20170418 1425 54300 54400 54200 54300 
20170418 1430 54300 54400 54200 54200 
20170418 1435 54200 54300 54200 54200 
20170418 1440 54200 54300 54000 54100 
20170418 1445 54000 54100 53900 54000 
20170418 1450 54100 54100 53900 54100 
20170418 1455 54100 54200 54000 54100 
20170418 1500 54200 54200 53900 54000 
20170418 1505 54100 54100 53900 54000 
20170418 1510 54000 54000 53800 53900 
20170418 1515 54000 54000 53800 53800 
20170418 1520 53900 53900 53800 53900 
20170418 1525 53900 53900 53900 53900 
20170418 1530 53900 53900 53900 53900 
20170419 0905 54200 54200 53500 53800 
20170419 0910 53800 53800 53400 53500 
20170419 0915 53500 53500 53100 53400 
20170419 0920 53400 53600 53300 53600 
20170419 0925 53700 54000 53600 53800 
20170419 0930 53900 53900 53700 53800 
20170419 0935 53700 53700 53300 53400 
20170419 0940 53400 53600 53300 53500 
20170419 0945 53400 53700 53400 53500 
20170419 0950 53500 53600 53400 53500 
20170419 0955 53500 53500 53400 53500 
20170419 1000 53500 53500 53400 53500 
20170419 1005 53500 53700 53400 53600 
20170419 1010 53500 53800 53500 53600 
20170419 1015 53600 53700 53500 53700 
20170419 1020 53700 53800 53600 53700 
20170419 1025 53800 53800 53600 53800 
20170419 1030 53800 53800 53500 53600 
20170419 1035 53700 53900 53600 53700 
20170419 1040 53800 53800 53600 53800 
20170419 1045 53700 53800 53600 53700 
20170419 1050 53700 53800 53600 53600 
20170419 1055 53700 53800 53600 53800 
20170419 1100 53700 53700 53600 53700 
20170419 1105 53600 53700 53500 53600 
20170419 1110 53600 53700 53500 53500 
20170419 1115 53600 53700 53500 53600 
20170419 1120 53600 53600 53500 53600 
20170419 1125 53500 53600 53500 53600 
20170419 1130 53600 53600 53300 53400 
20170419 1135 53400 53500 53300 53400 
20170419 1140 53400 53500 53300 53300 
20170419 1145 53300 53400 53300 53400 
20170419 1150 53300 53500 53300 53400 
20170419 1155 53400 53400 53300 53300 
20170419 1200 53300 53400 53100 53200 
20170419 1205 53200 53300 53100 53100 
20170419 1210 53200 53300 53100 53300 
20170419 1215 53300 53400 53200 53300 
20170419 1220 53300 53500 53300 53500 
20170419 1225 53500 53500 53400 53500 
20170419 1230 53500 53600 53500 53500 
20170419 1235 53500 53500 53400 53400 
20170419 1240 53500 53500 53400 53500 
20170419 1245 53500 53600 53300 53600 
20170419 1250 53600 53600 53400 53500 
20170419 1255 53600 53600 53500 53500 
20170419 1300 53600 53600 53500 53500 
20170419 1305 53500 53600 53500 53500 
20170419 1310 53500 53700 53500 53600 
20170419 1315 53600 53700 53600 53600 
20170419 1320 53700 53700 53500 53500 
20170419 1325 53500 53600 53400 53500 
20170419 1330 53500 53600 53400 53500 
20170419 1335 53500 53600 53500 53500 
20170419 1340 53500 53600 53400 53500 
20170419 1345 53500 53600 53400 53500 
20170419 1350 53600 53600 53500 53600 
20170419 1355 53600 53600 53500 53600 
20170419 1400 53600 53700 53500 53700 
20170419 1405 53700 53700 53600 53600 
20170419 1410 53600 53700 53600 53700 
20170419 1415 53700 54000 53600 54000 
20170419 1420 54000 54100 53800 54000 
20170419 1425 54000 54100 53900 54000 
20170419 1430 54000 54100 54000 54100 
20170419 1435 54100 54100 53900 54000 
20170419 1440 54000 54000 53800 53900 
20170419 1445 53900 54000 53800 54000 
20170419 1450 54000 54100 53900 54100 
20170419 1455 54000 54100 54000 54100 
20170419 1500 54000 54300 54000 54300 
20170419 1505 54300 54700 54200 54500 
20170419 1510 54500 54600 54400 54600 
20170419 1515 54600 54600 54400 54600 
20170419 1520 54600 54600 54300 54500 
20170419 1525 54500 54500 54500 54500 
20170419 1530 54500 54500 54100 54100 
20170420 0905 54100 55000 53800 54900 
20170420 0910 54800 55100 54600 54600 
20170420 0915 54600 54700 54400 54600 
20170420 0920 54600 54700 54300 54400 
20170420 0925 54400 54500 54300 54300 
20170420 0930 54400 54800 54300 54800 
20170420 0935 54800 54900 54600 54700 
20170420 0940 54700 54800 54600 54800 
20170420 0945 54800 54800 54600 54600 
20170420 0950 54700 54800 54600 54800 
20170420 0955 54800 54900 54700 54800 
20170420 1000 54800 55000 54700 54700 
20170420 1005 54700 54900 54700 54800 
20170420 1010 54800 54800 54700 54800 
20170420 1015 54700 54800 54500 54600 
20170420 1020 54500 54600 54300 54500 
20170420 1025 54400 54500 54300 54400 
20170420 1030 54400 54500 54300 54400 
20170420 1035 54400 54500 54400 54500 
20170420 1040 54400 54500 54300 54500 
20170420 1045 54500 54600 54400 54400 
20170420 1050 54400 54500 53800 54000 
20170420 1055 53800 54300 53800 53900 
20170420 1100 53900 54200 53900 54100 
20170420 1105 54000 54100 53700 53800 
20170420 1110 53700 53900 53700 53800 
20170420 1115 53800 53900 53700 53800 
20170420 1120 53800 54000 53800 53900 
20170420 1125 53900 53900 53800 53900 
20170420 1130 53900 54100 53900 54100 
20170420 1135 54100 54100 54000 54000 
20170420 1140 54000 54100 53900 54100 
20170420 1145 54100 54100 53900 53900 
20170420 1150 54000 54000 53900 53900 
20170420 1155 54000 54100 53900 54100 
20170420 1200 54100 54200 54000 54200 
20170420 1205 54200 54300 54200 54300 
20170420 1210 54300 54400 54200 54400 
20170420 1215 54300 54400 54200 54300 
20170420 1220 54200 54400 54200 54300 
20170420 1225 54300 54400 54200 54300 
20170420 1230 54200 54300 54100 54200 
20170420 1235 54200 54400 54100 54200 
20170420 1240 54200 54300 54200 54300 
20170420 1245 54300 54300 54200 54200 
20170420 1250 54200 54300 54100 54100 
20170420 1255 54100 54200 54000 54100 
20170420 1300 54100 54200 54000 54000 
20170420 1305 54000 54200 54000 54000 
20170420 1310 54100 54200 54000 54000 
20170420 1315 54000 54100 53900 53900 
20170420 1320 53900 54000 53900 53900 
20170420 1325 53900 54000 53800 53900 
20170420 1330 53800 54000 53800 53900 
20170420 1335 53900 54000 53800 53800 
20170420 1340 53800 53900 53800 53800 
20170420 1345 53800 53900 53800 53800 
20170420 1350 53800 53900 53800 53800 
20170420 1355 53900 53900 53600 53600 
20170420 1400 53600 53800 53600 53700 
20170420 1405 53700 53800 53700 53800 
20170420 1410 53800 53900 53700 53700 
20170420 1415 53700 53800 53700 53700 
20170420 1420 53700 53800 53600 53600 
20170420 1425 53600 53700 53500 53500 
20170420 1430 53500 53700 53500 53600 
20170420 1435 53600 53800 53600 53600 
20170420 1440 53600 53700 53300 53400 
20170420 1445 53400 53500 53300 53400 
20170420 1450 53500 53500 53200 53200 
20170420 1455 53300 53300 52700 52700 
20170420 1500 52700 53400 52500 53300 
20170420 1505 53300 53400 52800 52800 
20170420 1510 52800 52900 52300 52300 
20170420 1515 52300 52600 52200 52500 
20170420 1520 52600 52600 52300 52400 
20170420 1525 52400 52400 52400 52400 
20170420 1530 52400 52500 52400 52500 
20170421 0905 52800 52900 52100 52100 
20170421 0910 52200 52200 51500 52200 
20170421 0915 52200 52200 51700 51800 
20170421 0920 51800 52200 51800 52200 
20170421 0925 52200 52500 52100 52100 
20170421 0930 52100 52100 51700 51700 
20170421 0935 51800 51800 51500 51600 
20170421 0940 51600 51600 50900 51100 
20170421 0945 51000 51200 50900 51100 
20170421 0950 51100 51200 51000 51000 
20170421 0955 51000 51200 51000 51000 
20170421 1000 51000 51100 50500 50700 
20170421 1005 50700 51200 50600 51200 
20170421 1010 51200 51200 51000 51000 
20170421 1015 51000 51300 50900 51200 
20170421 1020 51200 51300 51100 51100 
20170421 1025 51100 51200 51000 51100 
20170421 1030 51100 51200 51100 51200 
20170421 1035 51100 51400 51100 51400 
20170421 1040 51300 51700 51300 51600 
20170421 1045 51600 51600 51500 51500 
20170421 1050 51500 51700 51500 51600 
20170421 1055 51600 51600 51200 51300 
20170421 1100 51400 51500 51300 51500 
20170421 1105 51500 51800 51500 51700 
20170421 1110 51600 51900 51600 51700 
20170421 1115 51700 51800 51600 51600 
20170421 1120 51600 51700 51600 51700 
20170421 1125 51600 51700 51600 51600 
20170421 1130 51600 51700 51300 51400 
20170421 1135 51400 51500 51300 51400 
20170421 1140 51400 51400 51300 51300 
20170421 1145 51300 51400 51300 51300 
20170421 1150 51400 51500 51400 51400 
20170421 1155 51400 51500 51300 51300 
20170421 1200 51300 51400 51300 51300 
20170421 1205 51400 51400 51200 51200 
20170421 1210 51200 51300 51200 51300 
20170421 1215 51300 51300 51200 51200 
20170421 1220 51200 51300 51200 51300 
20170421 1225 51300 51300 51100 51100 
20170421 1230 51200 51200 51100 51100 
20170421 1235 51100 51200 51000 51000 
20170421 1240 51100 51100 51000 51100 
20170421 1245 51000 51100 51000 51100 
20170421 1250 51100 51100 51000 51100 
20170421 1255 51100 51300 51000 51100 
20170421 1300 51200 51200 51100 51100 
20170421 1305 51100 51200 51100 51200 
20170421 1310 51200 51200 51000 51000 
20170421 1315 51100 51200 50900 51200 
20170421 1320 51100 51200 51100 51100 
20170421 1325 51100 51100 51000 51100 
20170421 1330 51100 51100 51000 51100 
20170421 1335 51000 51100 50900 51000 
20170421 1340 51000 51100 51000 51000 
20170421 1345 51000 51100 51000 51000 
20170421 1350 51000 51100 50900 51100 
20170421 1355 51100 51200 51000 51100 
20170421 1400 51100 51200 51000 51100 
20170421 1405 51100 51200 51100 51100 
20170421 1410 51100 51200 51000 51200 
20170421 1415 51100 51200 51000 51100 
20170421 1420 51100 51200 51100 51100 
20170421 1425 51100 51200 51100 51200 
20170421 1430 51100 51200 51100 51200 
20170421 1435 51100 51200 51100 51200 
20170421 1440 51200 51200 51000 51000 
20170421 1445 51100 51100 51000 51100 
20170421 1450 51100 51100 51000 51000 
20170421 1455 51000 51100 51000 51000 
20170421 1500 51100 51100 51000 51000 
20170421 1505 51000 51200 51000 51100 
20170421 1510 51100 51200 51000 51100 
20170421 1515 51100 51100 51000 51100 
20170421 1520 51000 51100 51000 51100 
20170421 1525 51100 51100 51100 51100 
20170421 1530 51100 51100 51000 51000 
20170424 0905 51300 51800 51300 51700 
20170424 0910 51700 52000 51700 51900 
20170424 0915 51900 52000 51500 51600 
20170424 0920 51600 51700 51600 51600 
20170424 0925 51600 51600 51200 51300 
20170424 0930 51300 51500 51200 51300 
20170424 0935 51300 51500 51300 51300 
20170424 0940 51400 51400 51200 51200 
20170424 0945 51100 51200 51000 51100 
20170424 0950 51200 51200 51000 51100 
20170424 0955 51000 51100 50700 50900 
20170424 1000 50900 51000 50800 50800 
20170424 1005 50800 50900 50700 50800 
20170424 1010 50800 50800 50500 50500 
20170424 1015 50600 50700 50500 50600 
20170424 1020 50500 50700 50500 50500 
20170424 1025 50500 50600 50100 50100 
20170424 1030 50200 50500 50100 50300 
20170424 1035 50300 50400 50200 50400 
20170424 1040 50300 50400 50200 50300 
20170424 1045 50200 50300 50100 50100 
20170424 1050 50100 50200 50000 50100 
20170424 1055 50200 50200 50000 50000 
20170424 1100 50000 50200 50000 50100 
20170424 1105 50100 50200 50000 50200 
20170424 1110 50200 50400 50100 50300 
20170424 1115 50300 50400 50100 50100 
20170424 1120 50100 50300 50100 50200 
20170424 1125 50200 50300 50100 50200 
20170424 1130 50200 50200 50000 50000 
20170424 1135 50000 50300 50000 50100 
20170424 1140 50200 50200 49950 49950 
20170424 1145 49950 50000 49900 49900 
20170424 1150 49900 49950 49850 49900 
20170424 1155 49850 49900 49750 49800 
20170424 1200 49800 49850 49750 49750 
20170424 1205 49750 49800 49700 49750 
20170424 1210 49750 49800 49700 49800 
20170424 1215 49800 50100 49800 50100 
20170424 1220 50200 50300 49950 50000 
20170424 1225 50100 50100 49950 49950 
20170424 1230 50000 50000 49950 49950 
20170424 1235 50000 50000 49950 49950 
20170424 1240 49950 50000 49900 49900 
20170424 1245 49900 49950 49900 49900 
20170424 1250 49900 49950 49850 49900 
20170424 1255 49900 50000 49900 50000 
20170424 1300 50000 50400 49950 50300 
20170424 1305 50300 50500 50300 50400 
20170424 1310 50500 50600 50400 50500 
20170424 1315 50600 50700 50500 50700 
20170424 1320 50600 50800 50600 50700 
20170424 1325 50600 50700 50300 50400 
20170424 1330 50500 50600 50200 50500 
20170424 1335 50500 50600 50300 50400 
20170424 1340 50500 50700 50400 50600 
20170424 1345 50500 50800 50500 50800 
20170424 1350 50700 50800 50400 50500 
20170424 1355 50400 50500 50400 50400 
20170424 1400 50400 50600 50400 50500 
20170424 1405 50500 50600 50200 50300 
20170424 1410 50300 50300 50200 50200 
20170424 1415 50300 50600 50200 50500 
20170424 1420 50500 50600 50400 50500 
20170424 1425 50600 50800 50500 50800 
20170424 1430 50700 50900 50600 50800 
20170424 1435 50800 51200 50800 51200 
20170424 1440 51200 51200 51000 51000 
20170424 1445 51100 51300 51000 51100 
20170424 1450 51100 51300 51100 51300 
20170424 1455 51200 51300 51100 51100 
20170424 1500 51200 51200 51000 51100 
20170424 1505 51000 51200 51000 51200 
20170424 1510 51200 51200 51000 51100 
20170424 1515 51100 51200 51000 51200 
20170424 1520 51200 51200 51000 51000 
20170424 1525 51000 51000 51000 51000 
20170424 1530 51000 51000 51000 51000 
20170425 0905 51300 51400 51200 51300 
20170425 0910 51300 51300 50600 50800 
20170425 0915 50800 50800 50800 50800 
20170425 0920 50700 50900 50700 50700 
20170425 0925 50800 50800 50500 50600 
20170425 0930 50600 50600 50400 50400 
20170425 0935 50500 50700 50400 50700 
20170425 0940 50700 50800 50600 50600 
20170425 0945 50600 50800 50600 50700 
20170425 0950 50700 50800 50700 50800 
20170425 0955 50700 50900 50700 50800 
20170425 1000 50800 50900 50700 50700 
20170425 1005 50700 50800 50500 50500 
20170425 1010 50500 50600 50400 50400 
20170425 1015 50400 50600 50400 50500 
20170425 1020 50600 50600 50300 50400 
20170425 1025 50300 50700 50300 50500 
20170425 1030 50500 50500 50200 50500 
20170425 1035 50500 50700 50400 50500 
20170425 1040 50400 50600 50400 50500 
20170425 1045 50500 50600 50400 50600 
20170425 1050 50500 50600 50400 50500 
20170425 1055 50500 50600 50400 50500 
20170425 1100 50600 50600 50400 50600 
20170425 1105 50600 50700 50500 50500 
20170425 1110 50500 50800 50500 50800 
20170425 1115 50800 51000 50700 51000 
20170425 1120 50900 51100 50800 51100 
20170425 1125 51100 51200 50900 51100 
20170425 1130 51100 51200 51000 51100 
20170425 1135 51200 51200 51000 51100 
20170425 1140 51100 51200 51000 51100 
20170425 1145 51100 51200 51000 51200 
20170425 1150 51100 51200 51000 51000 
20170425 1155 51100 51200 51000 51200 
20170425 1200 51200 51300 51100 51300 
20170425 1205 51300 51300 51100 51100 
20170425 1210 51200 51200 51100 51100 
20170425 1215 51100 51200 51000 51000 
20170425 1220 51100 51200 51000 51100 
20170425 1225 51100 51200 51000 51000 
20170425 1230 51100 51200 51000 51100 
20170425 1235 51100 51200 51100 51100 
20170425 1240 51100 51200 51100 51100 
20170425 1245 51200 51200 51100 51200 
20170425 1250 51200 51200 51100 51200 
20170425 1255 51200 51200 51100 51100 
20170425 1300 51100 51200 51100 51200 
20170425 1305 51100 51200 51100 51200 
20170425 1310 51200 51200 51000 51000 
20170425 1315 51000 51100 51000 51100 
20170425 1320 51000 51100 51000 51000 
20170425 1325 51000 51200 51000 51200 
20170425 1330 51100 51200 51100 51200 
20170425 1335 51200 51200 51000 51100 
20170425 1340 51100 51200 51100 51200 
20170425 1345 51200 51300 51100 51300 
20170425 1350 51300 51300 51200 51300 
20170425 1355 51300 51400 51300 51400 
20170425 1400 51300 51400 51100 51200 
20170425 1405 51200 51200 51100 51100 
20170425 1410 51000 51300 51000 51200 
20170425 1415 51200 51300 51100 51200 
20170425 1420 51100 51400 51100 51400 
20170425 1425 51300 51500 51300 51400 
20170425 1430 51400 51900 51400 51900 
20170425 1435 51900 52000 51700 51800 
20170425 1440 51700 52200 51700 52200 
20170425 1445 52100 52400 52000 52300 
20170425 1450 52300 52300 52200 52200 
20170425 1455 52200 52800 52200 52600 
20170425 1500 52500 52600 52300 52300 
20170425 1505 52400 52500 52300 52500 
20170425 1510 52500 52600 52400 52500 
20170425 1515 52500 52700 52500 52600 
20170425 1520 52600 52600 52500 52600 
20170425 1525 52600 52600 52600 52600 
20170425 1530 52600 52700 52600 52700 
20170426 0905 52900 53000 52200 52300 
20170426 0910 52300 52800 52300 52700 
20170426 0915 52700 52700 52400 52500 
20170426 0920 52500 52900 52500 52800 
20170426 0925 52800 52800 52500 52500 
20170426 0930 52500 52500 52300 52300 
20170426 0935 52300 52400 52200 52200 
20170426 0940 52300 52500 52200 52400 
20170426 0945 52500 52500 52200 52300 
20170426 0950 52300 52400 52000 52000 
20170426 0955 52100 52100 51900 52000 
20170426 1000 52000 52000 51900 52000 
20170426 1005 51900 52100 51900 52100 
20170426 1010 52100 52200 52000 52100 
20170426 1015 52100 52200 52000 52200 
20170426 1020 52200 52200 52100 52200 
20170426 1025 52200 52300 52100 52300 
20170426 1030 52200 52300 52100 52100 
20170426 1035 52200 52200 52000 52100 
20170426 1040 52100 52200 52000 52100 
20170426 1045 52100 52200 52100 52200 
20170426 1050 52100 52200 52100 52200 
20170426 1055 52200 52200 52100 52100 
20170426 1100 52200 52200 52100 52100 
20170426 1105 52200 52200 52100 52200 
20170426 1110 52200 52200 52100 52100 
20170426 1115 52100 52200 52100 52100 
20170426 1120 52100 52200 52100 52100 
20170426 1125 52100 52200 52100 52100 
20170426 1130 52100 52100 52000 52100 
20170426 1135 52000 52200 52000 52100 
20170426 1140 52200 52200 52000 52100 
20170426 1145 52100 52100 52000 52100 
20170426 1150 52000 52100 52000 52000 
20170426 1155 52100 52100 52000 52000 
20170426 1200 52100 52100 52000 52000 
20170426 1205 52100 52200 52000 52100 
20170426 1210 52200 52200 52100 52100 
20170426 1215 52100 52200 51900 51900 
20170426 1220 51900 52000 51900 51900 
20170426 1225 52000 52000 51900 51900 
20170426 1230 52000 52000 51900 51900 
20170426 1235 52000 52000 51900 51900 
20170426 1240 51900 52100 51900 52000 
20170426 1245 52000 52100 52000 52100 
20170426 1250 52000 52100 52000 52000 
20170426 1255 52000 52200 52000 52100 
20170426 1300 52100 52100 51900 51900 
20170426 1305 52000 52000 51900 52000 
20170426 1310 51900 52000 51800 51900 
20170426 1315 51900 52000 51900 51900 
20170426 1320 51900 52000 51600 51600 
20170426 1325 51600 51700 51400 51500 
20170426 1330 51600 51700 51500 51600 
20170426 1335 51600 51700 51500 51600 
20170426 1340 51500 51800 51500 51800 
20170426 1345 51800 51900 51800 51800 
20170426 1350 51800 52000 51800 52000 
20170426 1355 52000 52100 51900 52000 
20170426 1400 52100 52200 52000 52100 
20170426 1405 52200 52200 52100 52200 
20170426 1410 52100 52200 52100 52100 
20170426 1415 52100 52400 52100 52300 
20170426 1420 52300 52500 52300 52400 
20170426 1425 52400 52400 52300 52300 
20170426 1430 52400 52400 52300 52400 
20170426 1435 52300 52300 52000 52100 
20170426 1440 52100 52200 52000 52000 
20170426 1445 52000 52200 52000 52100 
20170426 1450 52100 52300 52100 52100 
20170426 1455 52100 52300 52100 52200 
20170426 1500 52300 52400 52200 52200 
20170426 1505 52200 52400 52200 52300 
20170426 1510 52200 52300 52100 52100 
20170426 1515 52000 52100 52000 52000 
20170426 1520 51900 52000 51800 51900 
20170426 1525 51900 51900 51900 51900 
20170426 1530 51900 51900 51900 51900 
20170427 0905 52000 52300 51700 52000 
20170427 0910 52000 52200 51900 51900 
20170427 0915 51900 52000 51800 51800 
20170427 0920 51900 52000 51700 51700 
20170427 0925 51700 51900 51700 51700 
20170427 0930 51800 51900 51700 51900 
20170427 0935 51900 51900 51700 51800 
20170427 0940 51700 51800 51600 51700 
20170427 0945 51700 51700 51500 51500 
20170427 0950 51500 51600 51000 51100 
20170427 0955 51200 51400 51100 51300 
20170427 1000 51400 51400 51200 51200 
20170427 1005 51200 51400 51100 51100 
20170427 1010 51100 51300 51100 51200 
20170427 1015 51100 51300 51100 51100 
20170427 1020 51100 51200 51000 51200 
20170427 1025 51100 51300 51100 51200 
20170427 1030 51100 51300 51100 51200 
20170427 1035 51100 51300 51100 51300 
20170427 1040 51100 51500 51100 51400 
20170427 1045 51500 51500 51200 51300 
20170427 1050 51300 51400 51100 51200 
20170427 1055 51200 51400 51200 51400 
20170427 1100 51400 51600 51300 51600 
20170427 1105 51600 51800 51600 51800 
20170427 1110 51800 51800 51500 51700 
20170427 1115 51600 51700 51500 51700 
20170427 1120 51600 51900 51400 51700 
20170427 1125 51600 51800 51500 51700 
20170427 1130 51600 51800 51500 51700 
20170427 1135 51700 51800 51600 51600 
20170427 1140 51600 51800 51600 51700 
20170427 1145 51600 51800 51600 51700 
20170427 1150 51700 51800 51600 51800 
20170427 1155 51700 51800 51600 51600 
20170427 1200 51600 51700 51600 51700 
20170427 1205 51700 51700 51500 51600 
20170427 1210 51600 51800 51600 51600 
20170427 1215 51600 51700 51600 51600 
20170427 1220 51600 51700 51500 51500 
20170427 1225 51600 51800 51500 51500 
20170427 1230 51600 51800 51500 51500 
20170427 1235 51500 51600 51400 51400 
20170427 1240 51400 51600 51400 51600 
20170427 1245 51500 51600 51500 51500 
20170427 1250 51500 51600 51400 51500 
20170427 1255 51500 51600 51400 51600 
20170427 1300 51500 51600 51400 51500 
20170427 1305 51600 51600 51400 51500 
20170427 1310 51500 51600 51400 51500 
20170427 1315 51600 51600 51500 51600 
20170427 1320 51500 51600 51500 51600 
20170427 1325 51600 51600 51500 51600 
20170427 1330 51600 51600 51400 51400 
20170427 1335 51400 51700 51400 51700 
20170427 1340 51700 51700 51600 51700 
20170427 1345 51600 51900 51600 51800 
20170427 1350 51800 52000 51700 51800 
20170427 1355 51800 51900 51800 51900 
20170427 1400 51900 52000 51800 51900 
20170427 1405 51800 51900 51800 51900 
20170427 1410 51900 52000 51800 51800 
20170427 1415 51800 51900 51800 51900 
20170427 1420 51800 51900 51800 51800 
20170427 1425 51700 51900 51700 51800 
20170427 1430 51800 51800 51700 51700 
20170427 1435 51700 51800 51700 51700 
20170427 1440 51700 51800 51700 51800 
20170427 1445 51700 51800 51700 51700 
20170427 1450 51700 51900 51700 51900 
20170427 1455 51800 51900 51800 51900 
20170427 1500 51900 51900 51800 51900 
20170427 1505 51800 51900 51800 51800 
20170427 1510 51800 51900 51700 51800 
20170427 1515 51700 51800 51700 51800 
20170427 1520 51700 51800 51600 51700 
20170427 1525 51700 51700 51700 51700 
20170427 1530 51700 51700 51600 51600 
20170428 0905 52400 52600 52300 52500 
20170428 0910 52500 52900 52500 52600 
20170428 0915 52600 52700 52300 52400 
20170428 0920 52300 52400 52100 52300 
20170428 0925 52200 52300 52100 52100 
20170428 0930 52100 52700 52100 52500 
20170428 0935 52600 52900 52500 52800 
20170428 0940 52900 53000 52700 52900 
20170428 0945 52900 53000 52800 52800 
20170428 0950 52800 53000 52800 53000 
20170428 0955 52900 53000 52700 52800 
20170428 1000 52700 52800 52600 52700 
20170428 1005 52700 52800 52400 52400 
20170428 1010 52400 52500 52200 52400 
20170428 1015 52400 52500 52200 52500 
20170428 1020 52500 52600 52300 52500 
20170428 1025 52600 52600 52400 52500 
20170428 1030 52400 52500 52400 52500 
20170428 1035 52400 52500 52400 52500 
20170428 1040 52500 52800 52400 52800 
20170428 1045 52800 52800 52600 52700 
20170428 1050 52700 52800 52700 52800 
20170428 1055 52800 52800 52700 52800 
20170428 1100 52700 52800 52700 52700 
20170428 1105 52700 52800 52700 52800 
20170428 1110 52700 52800 52700 52700 
20170428 1115 52700 52800 52700 52700 
20170428 1120 52700 52800 52700 52700 
20170428 1125 52700 52800 52600 52700 
20170428 1130 52700 52900 52600 52800 
20170428 1135 52900 52900 52800 52800 
20170428 1140 52900 52900 52800 52900 
20170428 1145 52900 52900 52800 52900 
20170428 1150 52900 52900 52700 52800 
20170428 1155 52800 52800 52700 52700 
20170428 1200 52800 52800 52600 52700 
20170428 1205 52700 52700 52600 52700 
20170428 1210 52700 52800 52700 52800 
20170428 1215 52800 52900 52700 52700 
20170428 1220 52800 52800 52700 52700 
20170428 1225 52700 52800 52600 52700 
20170428 1230 52700 52700 52600 52600 
20170428 1235 52600 52700 52600 52700 
20170428 1240 52700 52700 52500 52600 
20170428 1245 52600 52600 52500 52500 
20170428 1250 52500 52800 52500 52800 
20170428 1255 52800 52800 52700 52800 
20170428 1300 52800 52900 52700 52900 
20170428 1305 52900 52900 52800 52900 
20170428 1310 52900 52900 52700 52800 
20170428 1315 52800 52800 52700 52800 
20170428 1320 52800 52800 52700 52700 
20170428 1325 52800 52800 52700 52800 
20170428 1330 52800 52800 52600 52600 
20170428 1335 52700 52800 52600 52800 
20170428 1340 52800 52800 52700 52700 
20170428 1345 52700 52800 52700 52800 
20170428 1350 52800 52800 52700 52800 
20170428 1355 52700 52800 52600 52700 
20170428 1400 52700 52700 52500 52500 
20170428 1405 52400 52500 52200 52300 
20170428 1410 52300 52400 52300 52400 
20170428 1415 52400 52600 52300 52600 
20170428 1420 52500 52600 52500 52600 
20170428 1425 52600 52600 52500 52600 
20170428 1430 52600 52600 52400 52500 
20170428 1435 52500 52600 52500 52600 
20170428 1440 52700 52800 52600 52800 
20170428 1445 52800 52800 52700 52800 
20170428 1450 52800 52800 52700 52700 
20170428 1455 52700 52800 52600 52600 
20170428 1500 52600 52600 52500 52600 
20170428 1505 52600 52600 52400 52500 
20170428 1510 52400 52600 52400 52600 
20170428 1515 52600 52600 52400 52400 
20170428 1520 52300 52600 52300 52600 
20170428 1525 52600 52600 52600 52600 
20170428 1530 52600 52600 52100 52100 
20170502 0905 52100 52300 51800 51900 
20170502 0910 51900 52300 51900 52200 
20170502 0915 52200 52400 52200 52200 
20170502 0920 52200 52400 52200 52200 
20170502 0925 52200 52200 51700 51800 
20170502 0930 51800 52000 51700 51800 
20170502 0935 51800 51900 51700 51800 
20170502 0940 51800 52000 51800 52000 
20170502 0945 52000 52300 52000 52300 
20170502 0950 52300 52300 52000 52000 
20170502 0955 52000 52100 51900 52100 
20170502 1000 52000 52100 51900 52100 
20170502 1005 52000 52200 52000 52100 
20170502 1010 52100 52200 52000 52100 
20170502 1015 52100 52600 52100 52400 
20170502 1020 52300 52400 52100 52100 
20170502 1025 52100 52300 52100 52200 
20170502 1030 52200 52300 52100 52100 
20170502 1035 52100 52300 52100 52200 
20170502 1040 52200 52400 52200 52200 
20170502 1045 52200 52400 52200 52300 
20170502 1050 52300 52400 52200 52400 
20170502 1055 52300 52500 52300 52500 
20170502 1100 52400 52400 52300 52300 
20170502 1105 52300 52400 52300 52300 
20170502 1110 52300 52400 52200 52300 
20170502 1115 52300 52400 52200 52200 
20170502 1120 52200 52500 52200 52400 
20170502 1125 52400 52500 52400 52400 
20170502 1130 52500 52500 52400 52400 
20170502 1135 52400 52500 52300 52400 
20170502 1140 52300 52400 52300 52400 
20170502 1145 52300 52500 52300 52500 
20170502 1150 52400 52500 52300 52300 
20170502 1155 52300 52400 52200 52300 
20170502 1200 52300 52400 52300 52300 
20170502 1205 52300 52400 52200 52300 
20170502 1210 52300 52400 52200 52200 
20170502 1215 52300 52300 52200 52200 
20170502 1220 52200 52400 52200 52300 
20170502 1225 52300 52400 52300 52300 
20170502 1230 52300 52400 52200 52200 
20170502 1235 52200 52300 52200 52200 
20170502 1240 52200 52300 52200 52200 
20170502 1245 52200 52400 52200 52200 
20170502 1250 52200 52300 52200 52200 
20170502 1255 52200 52300 52200 52200 
20170502 1300 52200 52300 52200 52300 
20170502 1305 52200 52300 52200 52200 
20170502 1310 52200 52300 52200 52200 
20170502 1315 52200 52300 52200 52300 
20170502 1320 52300 52300 52200 52300 
20170502 1325 52200 52300 52100 52200 
20170502 1330 52200 52200 52000 52000 
20170502 1335 52000 52100 51900 51900 
20170502 1340 51900 52000 51900 51900 
20170502 1345 51900 52000 51800 51900 
20170502 1350 51900 52200 51800 51900 
20170502 1355 51900 52100 51900 52000 
20170502 1400 52000 52200 52000 52100 
20170502 1405 52100 52200 52100 52100 
20170502 1410 52100 52200 52100 52100 
20170502 1415 52100 52200 52100 52200 
20170502 1420 52100 52200 52000 52200 
20170502 1425 52100 52200 52000 52100 
20170502 1430 52100 52200 52100 52100 
20170502 1435 52200 52200 52000 52000 
20170502 1440 52100 52100 52000 52000 
20170502 1445 52000 52100 52000 52000 
20170502 1450 52000 52200 52000 52200 
20170502 1455 52100 52200 52100 52100 
20170502 1500 52200 52200 52100 52100 
20170502 1505 52200 52200 52100 52100 
20170502 1510 52100 52200 52100 52200 
20170502 1515 52100 52300 52100 52300 
20170502 1520 52300 52300 52200 52300 
20170502 1525 52300 52300 52300 52300 
20170502 1530 52300 52300 52000 52000 
20170504 0905 52100 52300 52100 52200 
20170504 0910 52200 52400 52200 52400 
20170504 0915 52400 52400 52100 52200 
20170504 0920 52100 52100 51900 52000 
20170504 0925 52000 52000 51800 51900 
20170504 0930 51900 52000 51700 51800 
20170504 0935 51700 51800 51600 51600 
20170504 0940 51600 51800 51600 51800 
20170504 0945 51800 51900 51700 51900 
20170504 0950 52000 52000 51900 51900 
20170504 0955 51900 52000 51700 51900 
20170504 1000 51900 52000 51800 51800 
20170504 1005 51800 52000 51800 51800 
20170504 1010 51900 52000 51900 52000 
20170504 1015 52100 52100 52000 52100 
20170504 1020 52100 52100 52000 52100 
20170504 1025 52000 52200 52000 52200 
20170504 1030 52100 52200 52000 52100 
20170504 1035 52100 52200 52100 52200 
20170504 1040 52200 52400 52000 52200 
20170504 1045 52200 52400 52100 52400 
20170504 1050 52400 52400 52300 52400 
20170504 1055 52300 52400 52200 52300 
20170504 1100 52300 52300 52100 52200 
20170504 1105 52200 52300 52200 52300 
20170504 1110 52200 52300 52100 52200 
20170504 1115 52100 52200 52000 52100 
20170504 1120 52000 52200 52000 52200 
20170504 1125 52200 52200 52000 52200 
20170504 1130 52200 52200 52000 52000 
20170504 1135 52100 52100 52000 52000 
20170504 1140 52000 52100 51900 52000 
20170504 1145 52000 52000 51900 52000 
20170504 1150 52000 52000 51800 51900 
20170504 1155 51800 51900 51800 51900 
20170504 1200 51800 51900 51800 51800 
20170504 1205 51800 51900 51800 51900 
20170504 1210 51900 51900 51800 51900 
20170504 1215 51900 51900 51800 51900 
20170504 1220 51900 51900 51800 51900 
20170504 1225 51800 51900 51700 51700 
20170504 1230 51700 51800 51700 51700 
20170504 1235 51800 51900 51700 51900 
20170504 1240 51900 51900 51800 51800 
20170504 1245 51800 51900 51800 51900 
20170504 1250 51800 51900 51800 51900 
20170504 1255 51800 51900 51600 51600 
20170504 1300 51700 51700 51600 51600 
20170504 1305 51700 51700 51600 51700 
20170504 1310 51700 51700 51600 51600 
20170504 1315 51600 51700 51600 51700 
20170504 1320 51700 51700 51600 51700 
20170504 1325 51600 51700 51600 51700 
20170504 1330 51600 51700 51600 51700 
20170504 1335 51700 51700 51600 51600 
20170504 1340 51700 51700 51600 51600 
20170504 1345 51600 51700 51600 51600 
20170504 1350 51700 51700 51600 51600 
20170504 1355 51600 51700 51600 51700 
20170504 1400 51700 51700 51600 51600 
20170504 1405 51600 51700 51600 51600 
20170504 1410 51600 51700 51600 51600 
20170504 1415 51700 51700 51600 51700 
20170504 1420 51700 51700 51600 51700 
20170504 1425 51600 51700 51600 51700 
20170504 1430 51600 51700 51600 51700 
20170504 1435 51600 51700 51600 51700 
20170504 1440 51700 51700 51600 51600 
20170504 1445 51600 51800 51600 51700 
20170504 1450 51600 51800 51600 51700 
20170504 1455 51700 51800 51700 51700 
20170504 1500 51700 51800 51700 51700 
20170504 1505 51700 51800 51700 51800 
20170504 1510 51800 51800 51600 51700 
20170504 1515 51600 51700 51600 51700 
20170504 1520 51600 51800 51600 51800 
20170504 1525 51800 51800 51800 51800 
20170504 1530 51800 51800 51800 51800 
20170508 0905 51900 52200 51900 51900 
20170508 0910 51900 51900 51700 51800 
20170508 0915 51800 51800 51500 51500 
20170508 0920 51600 51700 51500 51700 
20170508 0925 51700 51900 51700 51900 
20170508 0930 51900 52000 51900 52000 
20170508 0935 52000 52000 51600 51600 
20170508 0940 51600 51700 51500 51700 
20170508 0945 51600 51700 51500 51500 
20170508 0950 51500 51700 51500 51600 
20170508 0955 51600 51600 51500 51500 
20170508 1000 51500 51600 51500 51500 
20170508 1005 51500 51600 51400 51500 
20170508 1010 51500 51500 51400 51500 
20170508 1015 51400 51500 51400 51500 
20170508 1020 51500 51700 51400 51600 
20170508 1025 51700 51700 51500 51500 
20170508 1030 51500 51600 51500 51600 
20170508 1035 51500 51600 51500 51500 
20170508 1040 51600 51600 51500 51500 
20170508 1045 51500 51600 51500 51500 
20170508 1050 51500 51600 51500 51500 
20170508 1055 51500 51600 51400 51500 
20170508 1100 51500 51600 51400 51400 
20170508 1105 51400 51500 51400 51400 
20170508 1110 51400 51500 51400 51500 
20170508 1115 51400 51500 51400 51400 
20170508 1120 51500 51600 51400 51600 
20170508 1125 51500 51600 51500 51600 
20170508 1130 51500 51600 51500 51500 
20170508 1135 51500 51600 51500 51500 
20170508 1140 51500 51600 51500 51500 
20170508 1145 51500 51500 51400 51400 
20170508 1150 51400 51500 51400 51500 
20170508 1155 51400 51500 51400 51400 
20170508 1200 51400 51500 51400 51500 
20170508 1205 51400 51500 51400 51400 
20170508 1210 51400 51500 51400 51400 
20170508 1215 51500 51500 51400 51500 
20170508 1220 51400 51500 51400 51500 
20170508 1225 51400 51500 51400 51400 
20170508 1230 51400 51600 51400 51600 
20170508 1235 51500 51600 51400 51400 
20170508 1240 51500 51500 51400 51400 
20170508 1245 51400 51500 51400 51400 
20170508 1250 51400 51500 51400 51500 
20170508 1255 51400 51500 51400 51400 
20170508 1300 51500 51500 51400 51400 
20170508 1305 51500 51500 51400 51500 
20170508 1310 51400 51600 51400 51500 
20170508 1315 51500 51500 51400 51500 
20170508 1320 51500 51500 51300 51400 
20170508 1325 51400 51500 51400 51400 
20170508 1330 51500 51500 51400 51400 
20170508 1335 51400 51500 51400 51400 
20170508 1340 51400 51500 51400 51400 
20170508 1345 51400 51500 51300 51300 
20170508 1350 51400 51400 51200 51300 
20170508 1355 51300 51400 51300 51300 
20170508 1400 51400 51400 51300 51300 
20170508 1405 51300 51500 51300 51400 
20170508 1410 51500 51600 51300 51300 
20170508 1415 51400 51600 51400 51500 
20170508 1420 51600 51800 51500 51700 
20170508 1425 51800 51800 51600 51800 
20170508 1430 51700 51800 51600 51800 
20170508 1435 51700 51800 51600 51700 
20170508 1440 51700 51800 51700 51800 
20170508 1445 51800 52000 51800 51900 
20170508 1450 51900 51900 51600 51800 
20170508 1455 51800 51900 51700 51700 
20170508 1500 51700 52000 51700 51900 
20170508 1505 51900 52000 51800 51800 
20170508 1510 51800 51900 51800 51900 
20170508 1515 51800 51900 51800 51800 
20170508 1520 51900 52000 51800 52000 
20170508 1525 52000 52000 52000 52000 
20170508 1530 52000 52000 51900 51900 
20170510 0905 53400 53700 53100 53300 
20170510 0910 53300 53400 52800 53100 
20170510 0915 53000 53100 52800 52900 
20170510 0920 52900 52900 52600 52800 
20170510 0925 52700 52700 52400 52400 
20170510 0930 52400 52500 52200 52400 
20170510 0935 52500 52800 52400 52800 
20170510 0940 52900 53000 52400 52600 
20170510 0945 52600 52800 52500 52700 
20170510 0950 52700 52800 52500 52600 
20170510 0955 52600 52700 52500 52500 
20170510 1000 52500 52600 52400 52400 
20170510 1005 52400 52500 52400 52400 
20170510 1010 52400 52600 52400 52600 
20170510 1015 52500 52600 52400 52500 
20170510 1020 52500 52500 52400 52400 
20170510 1025 52500 52500 52300 52400 
20170510 1030 52400 52600 52300 52500 
20170510 1035 52400 52500 52300 52400 
20170510 1040 52400 52600 52400 52400 
20170510 1045 52500 52500 52300 52400 
20170510 1050 52400 52500 52300 52500 
20170510 1055 52400 52700 52400 52700 
20170510 1100 52600 52900 52600 52900 
20170510 1105 52800 52900 52500 52900 
20170510 1110 52900 52900 52700 52800 
20170510 1115 52800 52900 52800 52800 
20170510 1120 52800 52900 52700 52700 
20170510 1125 52800 52800 52700 52700 
20170510 1130 52700 52800 52600 52700 
20170510 1135 52700 52700 52600 52600 
20170510 1140 52600 52700 52600 52600 
20170510 1145 52600 52700 52600 52600 
20170510 1150 52600 52700 52500 52500 
20170510 1155 52500 52600 52500 52500 
20170510 1200 52600 52600 52400 52500 
20170510 1205 52400 52500 52400 52400 
20170510 1210 52400 52600 52400 52400 
20170510 1215 52400 52500 52400 52400 
20170510 1220 52400 52600 52400 52500 
20170510 1225 52400 52500 52400 52400 
20170510 1230 52400 52500 52300 52300 
20170510 1235 52300 52400 52300 52300 
20170510 1240 52300 52400 52200 52300 
20170510 1245 52200 52400 52200 52200 
20170510 1250 52300 52300 52100 52200 
20170510 1255 52200 52300 52200 52300 
20170510 1300 52300 52400 52100 52200 
20170510 1305 52200 52300 52100 52100 
20170510 1310 52100 52200 52000 52100 
20170510 1315 52100 52100 51900 52000 
20170510 1320 52000 52100 51900 51900 
20170510 1325 52000 52200 51900 52000 
20170510 1330 52000 52400 52000 52400 
20170510 1335 52500 52500 52200 52300 
20170510 1340 52300 52400 52200 52300 
20170510 1345 52300 52400 52200 52300 
20170510 1350 52200 52400 52200 52200 
20170510 1355 52200 52400 52200 52300 
20170510 1400 52300 52300 52200 52200 
20170510 1405 52300 52300 52100 52100 
20170510 1410 52100 52200 52000 52100 
20170510 1415 52100 52200 52000 52100 
20170510 1420 52100 52300 52100 52100 
20170510 1425 52200 52300 52100 52200 
20170510 1430 52200 52300 52100 52300 
20170510 1435 52200 52400 52200 52300 
20170510 1440 52300 52400 52200 52300 
20170510 1445 52200 52300 52100 52200 
20170510 1450 52200 52300 52100 52200 
20170510 1455 52300 52300 52000 52000 
20170510 1500 52100 52100 51900 52000 
20170510 1505 52000 52000 51900 52000 
20170510 1510 52000 52100 51900 51900 
20170510 1515 51900 52200 51900 52100 
20170510 1520 52100 52200 51900 51900 
20170510 1525 51900 51900 51900 51900 
20170510 1530 51900 51900 51900 51900 
20170511 0905 54400 55300 53700 53800 
20170511 0910 53800 54900 53800 54800 
20170511 0915 54700 55300 54700 55300 
20170511 0920 55300 55300 54600 54900 
20170511 0925 54900 55100 54800 54900 
20170511 0930 55000 55000 54500 54700 
20170511 0935 54800 54900 54600 54800 
20170511 0940 54700 55000 54600 54900 
20170511 0945 55000 55500 54900 55500 
20170511 0950 55500 55900 55400 55700 
20170511 0955 55800 55800 55500 55500 
20170511 1000 55500 56300 55500 56000 
20170511 1005 56000 56200 55900 55900 
20170511 1010 55900 56100 55700 56000 
20170511 1015 56000 56100 55800 55900 
20170511 1020 55900 56000 55700 55800 
20170511 1025 55800 55800 55700 55800 
20170511 1030 55800 55800 55500 55700 
20170511 1035 55700 55700 55300 55500 
20170511 1040 55500 55700 55500 55700 
20170511 1045 55600 55800 55600 55800 
20170511 1050 55700 56000 55600 55800 
20170511 1055 55700 55900 55600 55900 
20170511 1100 55900 56000 55800 56000 
20170511 1105 56000 56000 55900 55900 
20170511 1110 55900 56200 55900 56200 
20170511 1115 56200 56900 56100 56400 
20170511 1120 56400 56700 56400 56400 
20170511 1125 56400 56400 56100 56100 
20170511 1130 56100 56200 56000 56100 
20170511 1135 56100 56300 56100 56200 
20170511 1140 56200 56300 56100 56300 
20170511 1145 56300 56500 56300 56400 
20170511 1150 56300 56400 56200 56200 
20170511 1155 56300 56800 56200 56800 
20170511 1200 56700 56800 56500 56500 
20170511 1205 56600 56800 56500 56800 
20170511 1210 56700 57000 56700 56900 
20170511 1215 56900 57000 56600 56700 
20170511 1220 56700 56700 56500 56500 
20170511 1225 56500 56600 56300 56400 
20170511 1230 56400 56400 56000 56100 
20170511 1235 56100 56300 56000 56300 
20170511 1240 56300 56300 56200 56300 
20170511 1245 56300 56500 56200 56500 
20170511 1250 56500 56600 56300 56400 
20170511 1255 56300 56400 56300 56400 
20170511 1300 56500 56700 56400 56700 
20170511 1305 56700 56800 56600 56700 
20170511 1310 56700 56900 56700 56700 
20170511 1315 56800 56900 56700 56700 
20170511 1320 56700 56800 56500 56600 
20170511 1325 56600 56600 56300 56500 
20170511 1330 56500 56600 56400 56500 
20170511 1335 56600 56700 56500 56600 
20170511 1340 56600 56700 56600 56600 
20170511 1345 56600 56700 56400 56400 
20170511 1350 56500 56500 55600 56200 
20170511 1355 56200 56200 55600 55900 
20170511 1400 55800 56200 55800 56100 
20170511 1405 56100 56400 56100 56200 
20170511 1410 56400 56400 55900 56000 
20170511 1415 56000 56100 55800 55900 
20170511 1420 55800 55900 55700 55800 
20170511 1425 55800 56100 55800 55900 
20170511 1430 55900 56000 55800 55900 
20170511 1435 55800 55900 55700 55700 
20170511 1440 55700 55800 55500 55500 
20170511 1445 55600 55600 55400 55600 
20170511 1450 55600 55700 55500 55700 
20170511 1455 55600 55700 55500 55700 
20170511 1500 55600 55900 55600 55900 
20170511 1505 55800 55900 55800 55900 
20170511 1510 55900 55900 55700 55800 
20170511 1515 55800 55900 55700 55700 
20170511 1520 55700 56000 55700 56000 
20170511 1525 56000 56000 56000 56000 
20170511 1530 56000 56600 56000 56600 
20170512 0905 57000 57100 56500 56700 
20170512 0910 56600 56700 56000 56600 
20170512 0915 56600 56700 56300 56300 
20170512 0920 56300 56400 56200 56200 
20170512 0925 56300 56700 56200 56700 
20170512 0930 56700 57900 56600 57900 
20170512 0935 57900 58100 57400 57400 
20170512 0940 57500 58200 57400 58200 
20170512 0945 58200 59100 58100 58900 
20170512 0950 59000 59000 57800 58000 
20170512 0955 58000 58400 57700 58400 
20170512 1000 58300 58500 58100 58200 
20170512 1005 58200 58400 57800 57800 
20170512 1010 57800 57900 57600 57700 
20170512 1015 57700 57800 57400 57700 
20170512 1020 57700 57800 57300 57300 
20170512 1025 57400 57400 57200 57400 
20170512 1030 57400 57500 57300 57300 
20170512 1035 57300 57600 57300 57500 
20170512 1040 57600 58300 57400 58200 
20170512 1045 58300 58300 57600 57600 
20170512 1050 57600 57900 57600 57900 
20170512 1055 57900 58000 57600 57600 
20170512 1100 57700 57800 57600 57700 
20170512 1105 57700 57800 57500 57600 
20170512 1110 57600 57600 57400 57500 
20170512 1115 57600 57700 57400 57500 
20170512 1120 57500 57500 57200 57200 
20170512 1125 57200 57300 57100 57100 
20170512 1130 57100 57300 57100 57200 
20170512 1135 57200 57300 57100 57200 
20170512 1140 57100 57300 57100 57200 
20170512 1145 57100 57200 56900 56900 
20170512 1150 56900 57000 56600 56600 
20170512 1155 56600 56900 56600 56800 
20170512 1200 56800 57000 56800 56900 
20170512 1205 56900 57000 56800 57000 
20170512 1210 56900 57200 56900 57200 
20170512 1215 57100 57300 57100 57200 
20170512 1220 57100 57200 57100 57100 
20170512 1225 57100 57400 57100 57400 
20170512 1230 57400 57500 57300 57400 
20170512 1235 57400 57500 57300 57400 
20170512 1240 57500 57500 57300 57400 
20170512 1245 57300 57400 57100 57200 
20170512 1250 57200 57300 57000 57100 
20170512 1255 57100 57300 57000 57100 
20170512 1300 57100 57200 57000 57000 
20170512 1305 57000 57100 57000 57000 
20170512 1310 57000 57200 57000 57100 
20170512 1315 57100 57200 56900 57000 
20170512 1320 57100 57200 57000 57100 
20170512 1325 57100 57200 57000 57000 
20170512 1330 57000 57200 57000 57100 
20170512 1335 57100 57200 57000 57000 
20170512 1340 57000 57100 56800 56800 
20170512 1345 56900 57000 56800 57000 
20170512 1350 57000 57200 57000 57100 
20170512 1355 57000 57200 57000 57000 
20170512 1400 57000 57200 57000 57100 
20170512 1405 57000 57300 57000 57200 
20170512 1410 57200 57300 57000 57000 
20170512 1415 57000 57200 57000 57100 
20170512 1420 57100 57300 57000 57200 
20170512 1425 57200 57300 57100 57200 
20170512 1430 57200 57300 57100 57200 
20170512 1435 57200 57300 57100 57100 
20170512 1440 57100 57300 57100 57200 
20170512 1445 57200 57300 56900 56900 
20170512 1450 56900 57200 56900 57100 
20170512 1455 57200 57300 57100 57200 
20170512 1500 57100 57300 57100 57100 
20170512 1505 57100 57200 57000 57100 
20170512 1510 57100 57200 57000 57100 
20170512 1515 57100 57200 56800 56900 
20170512 1520 56800 57100 56800 57000 
20170512 1525 57000 57000 57000 57000 
20170512 1530 57000 57000 57000 57000 
