56100
56100
56200
56300
56200
56300
56300
56300
56300
56200
56300
56300
56300
56500
56400
56500
56500
56600
56400
56300
56400
56400
56300
56400
56500
56500
56600
56500
56700
56700
56600
56700
56700
56700
56800
56800
56900
56700
56700
56700
56700
56800
56800
56700
56800
56700
56600
56500
56600
56400
56500
56400
56400
56500
56600
56500
56500
56500
56500
56500
56600
56600
56700
56600
56700
56600
56600
56600
56600
56600
56500
56500
56500
56400
56200
55700
56000
56000
56200
56100
56000
56000
55800
55900
56100
56200
56000
56100
56100
56200
56100
56200
56300
56200
56200
56300
56200
55900
56000
56000
56100
56000
55900
55900
55700
55800
55800
55900
55800
55900
56000
55900
56000
55900
55800
55900
55900
55800
55900
55900
55900
55900
55700
55700
55700
55700
55600
55500
55500
55600
55600
55500
55600
55600
55600
55500
55600
55600
55700
55600
55600
55600
55700
55700
55700
55700
55800
55800
55900
55900
55900
55800
55800